,111-

(16661116 6 16111116661116 6611 vivi colori 16 (1611116ᾶί 111116,
6616116 (11 6661116166 (11116616 11 661616 1161161666;(161·
1661616, 611666116 6611 11116116116116 6111611166 6 16116111
11111 (11 11117 616 (11 1111666, 661116661616111116166 11 (16-
mani. Uespressione del 1137 Pone (6111116 61 16166 11 11116
1116666116616116, 6116 11611 (11611166 61116616, 11 qua-1010
rivolge al 1161616616.

§ 3.-L0 116166 6 16 61116.

11116616 1(111116 1161 6116 br0v0 ambito (11 38 versi 6611-
116116 1116116 1611116 1161161611 6 numerosi 6611111111 6611
1161111116. 01116 61 (11111111111111 6116 11611 6611 pochi: 8111666,
mitella v. 1', corolla 13, 66666166 11, 6661166 251 6 agli
ἅπαξ εἰρημένας 11611166 7, 1611168, 66666166 17, 0111111116
25, 66116 66161611 16 6611116611 voci 1161 111166 6116 (11 6666
11161161

6111111116 2. Α1161161616 (161 66111161, 6111111616 111611116 (161
6111161111 (161 116666 6616111 (1116616 luogo.

decumbere 6. F} termine 16611166 1161 661111661616616166-

(11116 6111 torus intorno 61 1116116161 6161161616 (161
66161611 Plauto 066. V, 2, 8, Mero. Ι, 1, 97 616,
Τ61611616 Ρ116161. ΙΙ, 2, 28 616. ”

1111161116 6 attribuito 6 torus per 0011rimer0 1² atto (161
11616 6116 61 6611111116 61611116 61161611 611 6666, 11611
6111616111 61611116 661111616, 11611116 6116 111 011116
Ars Ι 233]

161116 1 111 116661111 116616 1·166116; 6111611666 116116 tarda
1611111111 61 1611111111611166116116616 (1611(1116 6611161616
1111 166616161161161616.

cyathus (1161161616 (161 66611611 11116 6616 16116 (16 016616
061111. ΙΙΙ, 8, 13, 11161 (16 (16111116 6 1161111116.

1611116 11 116116 616666 6611666616 111 016616 861. 1,5,16
0 ΙΙ 3, 1445 6611611 1111161111116116 111666.

 

