- 1111 -

01110110 oi 1111110 sorta forum munibus:

(1011111101 11110 111111011111111110 0111 111111111111 taurus

Viotiiuo 0111111110 011111110111111111111 fooos7

1111111111111110111111 11111 111111 11111111 uolonibus 11110

111 1111111111 11111111 stanit 111111111111111101111.

1111010, o (iyi—hoiout 111110 111, 1111110111· Olympo

111 Surrentini 11111110 11111 11011111..

111111 I 7 11 i), 01111 1111101101 1., 011110111111011111.1110111111 An, uiuxiuius
1111 11 0111111100 i), 0111111110 Η111111111111 01111111111111110111111111111,

9 1111111110111100111111,1 11111 1), 111111 9011111111, 111111 Η1111111111 oi
(111111111111111 11111, 111111 9011111111111. (11111 1111111 (1111011111ιο 11110] 11111 111111-
0111111111110 11110 Pithoeus, 11110100101111110 11110 1111111110.

7 hou... Ι10111111, 1111111 111111) 11111111,

011 11111 1111111111110 1111 (11111111 giu·

01111111 (11111011 111101 - 1111111111 1
1111111111(1111111111 111 vituium-niori·
11111 1111111111, 111. 11110111. II, 111 ί11
111111111111 111111110 1111111111).

91111111( 1010111101. 11 1111111111111·
1111111110 19111111 V 1109 ί11111111111111-
1111110 1111111111’-11“111’1111. 1111111110
(111-11111111 11111111 111101111111111110111. 11
111111111111(1001111111111 ‘ 11111111111111-
111111 111 1. 9 1111111111 1111111111111-
11111 1111101110 (1111 111111110111111111
1111111001, quonium uu· 111 (1111011111
11111111111111 1111111111 1100111111111111111111
11111111 1111011111 siit 0111111111111(1111111111
11111 1111111111111) . 11111111111111111111111(1111
911111111111111 111-11 11 1111111111111111111.
911101116 110111111111, 11 11111111101111111111,
111111 0111111111 (11 11111111111 111 Cupido,
11111 1111 11111111111 111 11111111111111111, 11
11110111111111111111, oon 111 1111111111 111-
1101110111. 1111 11111111111111 11110111 (111
11111111111 11111111111111 11111110, 11111 111

011111111111 111 Cupido, 0111111 111 111111-
1110, ·11011 1111111111 11001111 (1110111111, o
privo 111 10111111111111110. 1111011111 111-
11111111111 011111111 11 011111111111111111111111-
11111 111 11111110 1111111011 1111111111· 111-11111,
111 111111111111111111011111 o 11111111 11111111-
1111, 1111. Plinio ILN. 30133, Pol-
11111 VIII, 163, 111111111111101 111111
11 9011111100 Lu Ρ1111111111111111111111110111
011111111111 1111111111 nois 1898 - 11(
1111111111. 0111111111011111 11111111110111111111,
0111011110 1111 101101111111, (⁸0¹¹ 1111 u·
11111111- 11 111 1111111111. 1ss 10111100111111·
111111 111111 1111111101 001111110111111111
1111011110 11111 u 1111110111,1 91111 1110·
1111111111 111111... (111111.

11 (11110111, (1111111111111 111111ιο1111
(1111111111 (111111111111111 111111111111110·
111 11111 111111101011111101111111111 il 110⁰·
11111 oi 1111111111 (11111111 gun-iocamu-
no (1111111 01111 1111011 1111111011111111110·

12 9111111111111 11111111 11111. llam,
oouu· 01111111 1111111111111, 0111111111 sul
111111 111 9111111110.

111111111101111. L' 1111111111 111 111111 o Vouoro, 011 11111111111111 11111 111111,
11111111111111, 111 0111111111111 111 01111 (11111111 1111 (11111111 1111 un toro, o
111 (1111111111111 111111 01111111( 111 0111111111.

01111011111111111. 1111110111 11010111 o 1100111111111 111 23 11.011.Ν111101111111111
11111011111111 111111111 111111 l’uutoro 111 10011, (1001111110οἰ 111111111010111 11111-
111110111111111111111001111(1111111110, 11111001, 0111111110111 111111 111111-
011111111 11111 1111110011 venir 001111111111111 dagli ovonti. So 1111100111-
gli 11111 olio Augusto s’uuivo 11 Vergilio noil'invinnro il 11111111
(11 1111111111, o vuol 111111 1111111111111 11111 1111111111111111111 01111 11111111-
trau» 11111 Vergilio 11 Surrento, 11111 111111111111111111 poto 1111111111

 

