- 151 ·-

01000 1101101110 01 1. 10 ‘adsistit 1110100' 0 0123 ί1101-
101111 001010 0111000 gremiumque molar11111’3 10 prima
volta 11011111010 0101011010 01 0110110 11000 0110 01010, 0110
(1010 0000111100001010 01 1011010 101010 01 011010 0 00010
101001 111110, 1110000 0111 010110 8101110 1101· 1110010010 11
11101101 1110 000110010101101101101 0100111010, 10 111010 0⁷0
0100111010 0110 1101000 1101170111010Ι 111 (1110110001, 11110 101-

1110 0 1111110 01011110, 11110 0011011110010 01101110 0 001111-

(100 1111010011 000 0110011110 1000001010 10 0111 100110100-
0011110011001 10101100, 11010111 0in 0011 1100 11100011110100-
10 0110110111 11 11101010. 0011 10 010000 00100111010010001111-
1110 0011 51 10000 1 1100001 0000011 001 0101101010 92 ι100-
111111 consedit ad 1'9110111’ il 10000.

(11100110 8110110 0 0011010 1110000 10 111010 1111001110 0
(111 1010011110 0110 0100100010]ιο 1101 grano, 11 110010 (1100
1. 24 1011100111 10(Ιο 11101100 0110νί7 111011110011011001101110·
(10 1100 atti: 11010010 grano 0011 0110 111000,1,111·01·0 101101-
10 01011110 110110 111010 0011 l’ altra 1. 2-5 110010 011111010-
. rio, 11011110 001 11110010 10101171 (10011110 10110010 01010110
0111100110 0110 (100110 00110101100 11010110 11110010 1111001
1111 11000, 11 110010 11011 1111011010 10 010000» 1000 000100
1110 1100110 011 1111 11001010 0110 01111110 111100 1. 21 ‘in-
10111010 100000 0110001111 10010 sorori ².

11 1101101110 1110110 ί010110 1001100 00110100 00010111·
1100111110 0110111 00101111· 1000 laborem, 1010111001 01011101
Scybalen ’. 11000110 10 100010001000 (101 1110000 00101110-
10, 11110010 111101011 1001111010 01010 110010 111 1010011110
v. 49 (1101110001 1011110111 011001.

11011001010010010 10100 0 101· 1100 (11 0000 (10011110 100-
10 0010101010 1111 1110101110 111 0111 0110 01111011000110011
010111100001110 1. 41-48 (10110 farina 111111001010 ί1011111110
0011001001 101'11101100'3 1. 00 0 00 ‹1011000111011101101101-
1⁷0110 ‘1100 sumptus 0101 illud OW' ‘horti 01100 1111111
010171 1. 111 0 115 1101100000οἰιο 110001110001100 ‘1110-
cedebat 010107 ι0011111110001 01100 ⁷.

 

