110 -

110, 11110 01110 0110 11011 1101 dominio 1101100010010 10110
111 001111111010 1 diversi momenti 1101110010110,0110 011111ςο
110 0000 1001 ed aggettivi 0011 01100111010111110100, 0011·
0011001101011111 10110 0110 stesso vocabolo, senza do-
1001111010 011110 0110101110 0 01 11001011.

In tutto il componimento 1101101110 11110 1110101111ιί0
112 1011110000αο 11010911 Volcanus Vestaque 1101100, 01111
0111101011 01110110 113 Palladii 01101. Ι111111011110011010
1111010110 0111101010 0011011110110110011011101111011101110 figu-
10, 1110 mezzi 0110 01110 10 (10011110010110 1101 0010111010-
1110011101110111 111101011110111011101011 101001 4 1010010 9
1111111110 (1101111010) 21 1111111110 11101111001110) 31 0101110 fo-
01011111101)38 gelidos adolere liquores (0011110) 40 011-
11101 (01110110) 44 11111100 45 fontes (0011110) 5500000100111-
1101101100) 511 carnaria (00101010) 93 01161110110110111101-

1010, 011. 1. 97 000011111101110111) 108 0001110111101114

viros-8 01011010 01111110 9 obductae 11101100.

110001 1011111111 00110 1117111011011 1110011110110101113 Symilus
’ 01111110111101011111 12 0110110101 26 adsiduum gyris 01
53 1101001110111011111111 0110110 sed 63 variis 0001 118 0011-
0101111 117 0 121 1111110 0 10 0110011011 44 1011111110 01111ον
99 1110100 0111101.

11011. 1001001100... quia Ι 1100... 11110101111011010-
11011011 000111111000 01101010,11100111111101110111 parti della
proposizione.

3. In compenso di 101110 11010111101110111 figure 111100-
10 01 01110 0110111101110 1100110010 di vocab01i‚ 1010 (10 0101
11010 argomento 0 (1111111010 0110 11111111101100001101011101-
11111011οἰ 0 Vergilio, 11000110 11011 0011 1100110 10 1101010 0110
01 11010110 111 0000 0 0110 non 1100110110 in 00001111 luogo
delle 110 011010 1110001011 01000011011010 111 (11101 grande

1) 11 posto 0110 00011110 10 1000 1101 verso 10010 imponere 111110 0
1 duo luoghi 56 ί1111011111110 10001 56 ί11011 11110001101100 10001111 ’
111 cui 11 0111101010 1101101011 10001010, 1011 (1111111010 0110 11 11101010
11001100 010110 considerare 0011011111ομ 10011100.

 

