24⁴4?-

(11 111111111111 11 1111111111 v. 93 ί11(111111111111111111111111
1111111111 111111, (11 1111· fuori 11 111111 v. 1111 1111111111-
11111 Scybale (11111111 11111111 11111111117 1111111111 (11111111
per 1111111111, dopo 11 11111, 1111111 11 (1111111111.

Symilo 1111111111 procede 111111111111111(111(11;(1(111(11111
111 1111111111, (11111111 111111111,11(111111111111,111 11111111-
111111111, il 1111111111 1 giss. pronto, 1111111 1 11111111.
111111 solo 111111 11111 (1111 gisl, 11 1111111 (1111111111 (1111 1(1
1111111111εηὶ 1 11 nostro contadino non 111Ι 111111111111111
1111111115 111 1111111111 (111 (11111, 1 1111111111111111 11111111
(1111111.

1111111, in 1111 1111111 campestre, 1 1111111 11111111 (11 (11-

1111111111, 1 11 111111 11111 selo 111111 1111111111.
8111111111, 1111111 1111 1111111 (1111111111, eoi primi 111

versi 1111111111 (111 1111111 (1111 esso occupa, (1111111111111

esterno 1111 offro 11 (1111 guarda, (11111 1111111111·

Η11111111111111111111 1111111111, (1111111 vimina 1111111
(1111111111 rediviva 11111111111111111 harundo,

exiguus spatio, 1111111 1111 fertilis 11111111.

Τ1111111(1111111111(111111111111 25 versi, 1 in (1111
111111 ‹lese-rive (1111111111 11 (11111 1111 (1111111111 1111171111
(1111111111111111111111111 (1(1111111111111 versi 72-78),
1111111111 (1111111111 (11111111 per 11111 (1111111111 1711111111
(111 1111111111111111 111111(1111111,111 11111 (11111(1111111,1111111 1111-
simonia. Oosi 1111, 111111111111 (11111 (1111111111 11111111 111-
111111111111 (1111Ί 1111111 1111111111111111111, 111111 non 11-
11111111 11111111 1111 1111111111, 1111111111111111111 1111111111-
111111111 11111111111111 11111 1111111111), 11111 1111111111
adesso, 1111 1111111 11111111111111 111111 1111 11 1111111111
11 11111111111111111111 1111111111 (111111111111111111111111111111

1. [17 sgg.:

Si quando 1111111111 1111111 1111111111 11111111111
1111111111, si forte labor cessabat aratri,
horti opus illud 1111. etc.

 

