-150 -

0 101100 signore 1101 1000100 latino. Veda 11 1011000 00 son
poche, 100010 00010 01ιο 11 Moratum contione 123 versi:

2 0000101100 5 0000101, 00010100 3 0 41 00000000 11110-
00000 11 100000νο 13 0000000 111 1010110 22 libero 23
0000ον00 211 00010 31 001000 35 001110,00011000031100100-
000 39 0000011110 41 00000000 42 01000000, foramen„ 11-
000 43 0000010 411 1000000000 41 0000000 43 dilato 511
0000010 5110000001100 53 00001000 111100001000 111 0111
000010 112 0001101000 115 10000100 1111 01000100 12 1010 13
000000, 000100, 10010 14 siser, 0000000 111 1001000 31 00-
00110 33 00101000, 0000011000. 34 00000 311 00000 33 refo-
deo 1111 0010 93 0 1111 0001001000 114 00110000 1111 bulbus
113 10000000, 00100 1111 0 112 pistilli& 113 10011110 114
0001100 113 00001001 1111 00010100, 00010 123 1000100. ¹)

11 0110 1ιο 10 000 1000010000, ma un altro 10110 100- .
00 100111 00100010, 10 0000 000 001 1⁷ 001000 00110 di
espriinere 10 010000 11100 0001010011001000 0000, 0 0000110
110 0001 11100000 quello, 01ιο piii 0000000000 0110 000010.
11001001· 111001 01ιο 000100 010(οι100101110000 11011110 per
101000100010 fairina 000100 v. 33 ‘stolidos adolere 11000-
0007ς quando 0 11001110 0 0100010000010 00110 farina v.
44 ‘tepidas 1000011000007 0000011110 000 1⁷ una 000000-
0101ιο 1111100 111 liquido iii generale, 000 1701100 quella
1101 1101000001 1101170000ος quando incomincia 011 000000
1000001010 000 10 100100 0. 45 1000100111101100101000000
fontis 01000 1001000) 11000 00101010 0000000 1100000100
1101 0001000 01ιο 01 fornia 001 100010 00010100100111·
00001010 0100001·1000001ἰο00 1⁷ 00οι00 quando 000010
1100101οη10 0 0100001010 0110 farina il 100010 0110000 01-

111100 00000100 (11 liquido, 0. 411 ‘liquidoque 0000107.

Non 01 (1011111 01ιο 01110111 111 un 0010 0000 111 varia
0 1111100100 1000101011 111 0000011011. 1100000110 000 011011-

¹) 1101000000000110 0011010100010 di C. 0. 11010110001011101)ον
01101010110011011001000 1100911 000000101010000 11000100, 1001101333,
pag. 1.

 

