-153—

latum dimissa cucurbita 82 0101111 0010 redibat 112
0101101... 11101 0101111110 (1101 110 1000111 000 010111110010
alquanto diverso, 0001010110 001 1011011000110 01 primi
“ (1110), 3 1110111... 0011 114 1110010110 00011 113 11110000 000-
110 111 1110001110. In 41 00111110 (10100 95 01011010 000-
1101001110 1119 11101111 0111111110 10 1100110101ιο ’0 (1011110 01·
Fuso 00111001010 (1011000011110 00111 significato 0111
10110 0011110.

111100110 0111010 0011 (10111100 00110010 1110001011 01-
11000 0001111111 0 00001 (101 11110000010 00001010,000 000

(10 0000, 11 101100 1111 000 0111110110,11101111001110010.110-

0000 00 0101100, 0110 (1101001101, 0101001001 (11 0000110·
11001 011101 0 00011οι

1. 18 bix 111 0010001 01011111 0011111010 1111100. 11000001100
1100110 010000 01111 0011111111 10 11101110100 (11000 00-
001010.

1. 28 0111001111 10110 001011. 11010001010110(0100101100-
10100111 1100 00001010; 1100110111 Plauto Ρο01. I 3,
11 ‘Nunc 01100010 10, Δ1111011111, 110110 001· (1011010111 001·
(010 110110 00101010 1001010110 (1010110 1111, 51 ί0111000100
001110 0110 0011010 1000 1111000101001000110011111 1101-
11010 XIV 128, 2 ί1000100000 01111 101111111ιο 0010100 '.

1. 311 0001010111 1111010111 00110 10010111-111001110010101, 001
nesso 00111 1111111111 11001010 10110 0001110010 ‘ 10 111001110-
110110 ⁷ 0 0011 11001111110100 1010111110 ‘ 0011101010 (11 10001·
0010.) 11 10010 (10110 11000 11111011011010 1 1111011110010.
’.110110 1700010001000 1 00110(εο (1(01101101101110.

1. 53 ’1001101100 010101 111 11010. 11000011110100000 0111
0011111110110110 0100ος 110110 000010 010000 1 00111101, Te·
1001101111. IV 011 00. ί110 1110110111 0000 1110 111100
011 00110011010 01011001.

1. 55 11100 1101 0100110010 (11 10010000011001 1111110000-
001010. Ρ10000 011001111011, 0 00011010010010 010000
10101110, (1011010 11 01110 (10011 0111111011.

 

